0 0
0 0
0 0
0.23255813953488372 0
0.46511627906976744 0
0.6976744186046512 0
0.9302325581395349 0
1.1627906976744187 0
1.3953488372093024 0
1.627906976744186 0
1.8604651162790697 0
2.0930232558139537 0
2.3255813953488373 0
2.558139534883721 0
2.7906976744186047 0
3.0232558139534884 0
3.255813953488372 0
3.488372093023256 0
3.7209302325581395 0
3.953488372093023 0
4.186046511627907 0
4.4186046511627906 0
4.651162790697675 0
4.883720930232558 0
5.116279069767442 0
5.348837209302325 0
5.5813953488372094 0
5.813953488372093 0
6.046511627906977 0
6.27906976744186 0
6.511627906976744 0
6.7441860465116275 0
6.976744186046512 0
7.141187623531755 0.16444343748524326
7.3056310610169986 0.32888687497048713
7.4700744985022425 0.49333031245573106
7.6345179359874855 0.6577737499409743
7.79896137347273 0.8222171874262182
7.963404810957973 0.9866606249114621
8.127848248443216 1.1511040623967046
8.292291685928461 1.3155474998819485
8.456735123413704 1.4799909373671924
8.621178560898947 1.6444343748524364
8.78562199838419 1.808877812337679
8.950065435869435 1.973321249822923
9.114508873354678 2.1377646873081666
9.114508873354678 2.1377646873081666
9.114508873354678 2.1377646873081666
